0.000000000000 
0.100000000000 
0.200000000000 
0.300000000000 
0.400000000000 
0.500000000000 
0.600000000000 
0.700000000000 
0.800000000000 
0.900000000000 
1.000000000000 
1.100000000000 
1.200000000000 
1.300000000000 
1.400000000000 
1.500000000000 
1.600000000000 
1.700000000000 
1.800000000000 
1.900000000000 
2.000000000000 
2.100000000000 
2.200000000000 
2.300000000000 
2.400000000000 
2.500000000000 
2.600000000000 
2.700000000000 
2.800000000000 
2.900000000000 
3.000000000000 
3.100000000000 
3.200000000000 
3.300000000000 
3.400000000000 
3.500000000000 
3.600000000000 
3.700000000000 
3.800000000000 
3.900000000000 
4.000000000000 
4.100000000000 
4.200000000000 
4.300000000000 
4.400000000000 
4.500000000000 
4.600000000000 
4.700000000000 
4.800000000000 
4.900000000000 
5.000000000000 
5.100000000000 
5.200000000000 
5.300000000000 
5.400000000000 
5.500000000000 
5.600000000000 
5.700000000000 
5.800000000000 
5.900000000000 
6.000000000000 
6.100000000000 
6.200000000000 
6.300000000000 
6.400000000000 
6.500000000000 
6.600000000000 
6.700000000000 
6.800000000000 
6.900000000000 
7.000000000000 
7.100000000000 
7.200000000000 
7.300000000000 
7.400000000000 
7.500000000000 
7.600000000000 
7.700000000000 
7.800000000000 
7.900000000000 
8.000000000000 
8.100000000000 
8.200000000000 
8.300000000000 
8.400000000000 
8.500000000000 
8.600000000000 
8.700000000000 
8.800000000000 
8.900000000000 
9.000000000000 
9.100000000000 
9.200000000000 
9.300000000000 
9.400000000000 
9.500000000000 
9.600000000000 
9.700000000000 
9.800000000000 
9.900000000000 
10.000000000000 
10.100000000000 
10.200000000000 
10.300000000000 
10.400000000000 
10.500000000000 
10.600000000000 
10.700000000000 
10.800000000000 
10.900000000000 
11.000000000000 
11.100000000000 
11.200000000000 
11.300000000000 
11.400000000000 
11.500000000000 
11.600000000000 
11.700000000000 
11.800000000000 
11.900000000000 
12.000000000000 
12.100000000000 
12.200000000000 
12.300000000000 
12.400000000000 
12.500000000000 
12.600000000000 
12.700000000000 
12.800000000000 
12.900000000000 
13.000000000000 
13.100000000000 
13.200000000000 
13.300000000000 
13.400000000000 
13.500000000000 
13.600000000000 
13.700000000000 
13.800000000000 
13.900000000000 
14.000000000000 
14.100000000000 
14.200000000000 
14.300000000000 
14.400000000000 
14.500000000000 
14.600000000000 
14.700000000000 
14.800000000000 
14.900000000000 
15.000000000000 
15.100000000000 
15.200000000000 
15.300000000000 
15.400000000000 
15.500000000000 
15.600000000000 
15.700000000000 
15.800000000000 
15.900000000000 
16.000000000000 
16.100000000000 
16.200000000000 
16.300000000000 
16.400000000000 
16.500000000000 
16.600000000000 
16.700000000000 
16.800000000000 
16.900000000000 
17.000000000000 
17.100000000000 
17.200000000000 
17.300000000000 
17.400000000000 
17.500000000000 
17.600000000000 
17.700000000000 
17.800000000000 
17.900000000000 
18.000000000000 
18.100000000000 
18.200000000000 
18.300000000000 
18.400000000000 
18.500000000000 
18.600000000000 
18.700000000000 
18.800000000000 
18.900000000000 
19.000000000000 
19.100000000000 
19.200000000000 
19.300000000000 
19.400000000000 
19.500000000000 
19.600000000000 
19.700000000000 
19.800000000000 
19.900000000000 
20.000000000000 
20.100000000000 
20.200000000000 
20.300000000000 
20.400000000000 
20.500000000000 
20.600000000000 
20.700000000000 
20.800000000000 
20.900000000000 
21.000000000000 
21.100000000000 
21.200000000000 
21.300000000000 
21.400000000000 
21.500000000000 
21.600000000000 
21.700000000000 
21.800000000000 
21.900000000000 
22.000000000000 
22.100000000000 
22.200000000000 
22.300000000000 
22.400000000000 
22.500000000000 
22.600000000000 
22.700000000000 
22.800000000000 
22.900000000000 
23.000000000000 
23.100000000000 
23.200000000000 
23.300000000000 
23.400000000000 
23.500000000000 
23.600000000000 
23.700000000000 
23.800000000000 
23.900000000000 
24.000000000000 
24.100000000000 
24.200000000000 
24.300000000000 
24.400000000000 
24.500000000000 
24.600000000000 
24.700000000000 
24.800000000000 
24.900000000000 
25.000000000000 
25.100000000000 
25.200000000000 
25.300000000000 
25.400000000000 
25.500000000000 
25.600000000000 
25.700000000000 
25.800000000000 
25.900000000000 
26.000000000000 
26.100000000000 
26.200000000000 
26.300000000000 
26.400000000000 
26.500000000000 
26.600000000000 
26.700000000000 
26.800000000000 
26.900000000000 
27.000000000000 
27.100000000000 
27.200000000000 
27.300000000000 
27.400000000000 
27.500000000000 
27.600000000000 
27.700000000000 
27.800000000000 
27.900000000000 
28.000000000000 
28.100000000000 
28.200000000000 
28.300000000000 
28.400000000000 
28.500000000000 
28.600000000000 
28.700000000000 
28.800000000000 
28.900000000000 
29.000000000000 
29.100000000000 
29.200000000000 
29.300000000000 
29.400000000000 
29.500000000000 
29.600000000000 
29.700000000000 
29.800000000000 
29.900000000000 
30.000000000000 
30.100000000000 
30.200000000000 
30.300000000000 
30.400000000000 
30.500000000000 
30.600000000000 
30.700000000000 
30.800000000000 
30.900000000000 
31.000000000000 
31.100000000000 
31.200000000000 
31.300000000000 
31.400000000000 
31.500000000000 
31.600000000000 
31.700000000000 
31.800000000000 
31.900000000000 
32.000000000000 
32.100000000000 
32.200000000000 
32.300000000000 
32.400000000000 
32.500000000000 
32.600000000000 
32.700000000000 
32.800000000000 
32.900000000000 
33.000000000000 
33.100000000000 
33.200000000000 
33.300000000000 
33.400000000000 
33.500000000000 
33.600000000000 
33.700000000000 
33.800000000000 
33.900000000000 
34.000000000000 
34.100000000000 
34.200000000000 
34.300000000000 
34.400000000000 
34.500000000000 
34.600000000000 
34.700000000000 
34.800000000000 
34.900000000000 
35.000000000000 
35.100000000000 
35.200000000000 
35.300000000000 
35.400000000000 
35.500000000000 
35.600000000000 
35.700000000000 
35.800000000000 
35.900000000000 
36.000000000000 
36.100000000000 
36.200000000000 
36.300000000000 
36.400000000000 
36.500000000000 
36.600000000000 
36.700000000000 
36.800000000000 
36.900000000000 
37.000000000000 
37.100000000000 
37.200000000000 
37.300000000000 
37.400000000000 
37.500000000000 
37.600000000000 
37.700000000000 
37.800000000000 
37.900000000000 
38.000000000000 
38.100000000000 
38.200000000000 
38.300000000000 
38.400000000000 
38.500000000000 
38.600000000000 
38.700000000000 
38.800000000000 
38.900000000000 
39.000000000000 
39.100000000000 
39.200000000000 
39.300000000000 
39.400000000000 
39.500000000000 
39.600000000000 
39.700000000000 
39.800000000000 
39.900000000000 
40.000000000000 
40.100000000000 
40.200000000000 
40.300000000000 
40.400000000000 
40.500000000000 
40.600000000000 
40.700000000000 
40.800000000000 
40.900000000000 
41.000000000000 
41.100000000000 
41.200000000000 
41.300000000000 
41.400000000000 
41.500000000000 
41.600000000000 
41.700000000000 
41.800000000000 
41.900000000000 
42.000000000000 
42.100000000000 
42.200000000000 
42.300000000000 
42.400000000000 
42.500000000000 
42.600000000000 
42.700000000000 
42.800000000000 
42.900000000000 
43.000000000000 
43.100000000000 
43.200000000000 
43.300000000000 
43.400000000000 
43.500000000000 
43.600000000000 
43.700000000000 
43.800000000000 
43.900000000000 
44.000000000000 
44.100000000000 
44.200000000000 
44.300000000000 
44.400000000000 
44.500000000000 
44.600000000000 
44.700000000000 
44.800000000000 
44.900000000000 
45.000000000000 
45.100000000000 
45.200000000000 
45.300000000000 
45.400000000000 
45.500000000000 
45.600000000000 
45.700000000000 
45.800000000000 
45.900000000000 
46.000000000000 
46.100000000000 
46.200000000000 
46.300000000000 
46.400000000000 
46.500000000000 
46.600000000000 
46.700000000000 
46.800000000000 
46.900000000000 
47.000000000000 
47.100000000000 
47.200000000000 
47.300000000000 
47.400000000000 
47.500000000000 
47.600000000000 
47.700000000000 
47.800000000000 
47.900000000000 
48.000000000000 
48.100000000000 
48.200000000000 
48.300000000000 
48.400000000000 
48.500000000000 
48.600000000000 
48.700000000000 
48.800000000000 
48.900000000000 
49.000000000000 
49.100000000000 
49.200000000000 
49.300000000000 
49.400000000000 
49.500000000000 
49.600000000000 
49.700000000000 
49.800000000000 
49.900000000000 
50.000000000000 
50.100000000000 
50.200000000000 
50.300000000000 
50.400000000000 
50.500000000000 
50.600000000000 
50.700000000000 
50.800000000000 
50.900000000000 
51.000000000000 
51.100000000000 
51.200000000000 
51.300000000000 
51.400000000000 
51.500000000000 
51.600000000000 
51.700000000000 
51.800000000000 
51.900000000000 
52.000000000000 
52.100000000000 
52.200000000000 
52.300000000000 
52.400000000000 
52.500000000000 
52.600000000000 
52.700000000000 
52.800000000000 
52.900000000000 
53.000000000000 
53.100000000000 
53.200000000000 
53.300000000000 
53.400000000000 
53.500000000000 
53.600000000000 
53.700000000000 
53.800000000000 
53.900000000000 
54.000000000000 
54.100000000000 
54.200000000000 
54.300000000000 
54.400000000000 
54.500000000000 
54.600000000000 
54.700000000000 
54.800000000000 
54.900000000000 
55.000000000000 
55.100000000000 
55.200000000000 
55.300000000000 
55.400000000000 
55.500000000000 
55.600000000000 
55.700000000000 
55.800000000000 
55.900000000000 
56.000000000000 
56.100000000000 
56.200000000000 
56.300000000000 
56.400000000000 
56.500000000000 
56.600000000000 
56.700000000000 
56.800000000000 
56.900000000000 
57.000000000000 
57.100000000000 
57.200000000000 
57.300000000000 
57.400000000000 
57.500000000000 
57.600000000000 
57.700000000000 
57.800000000000 
57.900000000000 
58.000000000000 
58.100000000000 
58.200000000000 
58.300000000000 
58.400000000000 
58.500000000000 
58.600000000000 
58.700000000000 
58.800000000000 
58.900000000000 
59.000000000000 
59.100000000000 
59.200000000000 
59.300000000000 
59.400000000000 
59.500000000000 
59.600000000000 
59.700000000000 
59.800000000000 
59.900000000000 
60.000000000000 
60.100000000000 
60.200000000000 
60.300000000000 
60.400000000000 
60.500000000000 
60.600000000000 
60.700000000000 
60.800000000000 
60.900000000000 
61.000000000000 
61.100000000000 
61.200000000000 
61.300000000000 
61.400000000000 
61.500000000000 
61.600000000000 
61.700000000000 
61.800000000000 
61.900000000000 
62.000000000000 
62.100000000000 
62.200000000000 
62.300000000000 
62.400000000000 
62.500000000000 
62.600000000000 
62.700000000000 
62.800000000000 
62.900000000000 
63.000000000000 
63.100000000000 
63.200000000000 
63.300000000000 
63.400000000000 
63.500000000000 
63.600000000000 
63.700000000000 
63.800000000000 
63.900000000000 
64.000000000000 
64.100000000000 
64.200000000000 
64.300000000000 
64.400000000000 
64.500000000000 
64.600000000000 
64.700000000000 
64.800000000000 
64.900000000000 
65.000000000000 
65.100000000000 
65.200000000000 
65.300000000000 
65.400000000000 
65.500000000000 
65.600000000000 
65.700000000000 
65.800000000000 
65.900000000000 
66.000000000000 
66.100000000000 
66.200000000000 
66.300000000000 
66.400000000000 
66.500000000000 
66.600000000000 
66.700000000000 
66.800000000000 
66.900000000000 
67.000000000000 
67.100000000000 
67.200000000000 
67.300000000000 
67.400000000000 
67.500000000000 
67.600000000000 
67.700000000000 
67.800000000000 
67.900000000000 
68.000000000000 
68.100000000000 
68.200000000000 
68.300000000000 
68.400000000000 
68.500000000000 
68.600000000000 
68.700000000000 
68.800000000000 
68.900000000000 
69.000000000000 
69.100000000000 
69.200000000000 
69.300000000000 
69.400000000000 
69.500000000000 
69.600000000000 
69.700000000000 
69.800000000000 
69.900000000000 
70.000000000000 
70.100000000000 
70.200000000000 
70.300000000000 
70.400000000000 
70.500000000000 
70.600000000000 
70.700000000000 
70.800000000000 
70.900000000000 
71.000000000000 
71.100000000000 
71.200000000000 
71.300000000000 
71.400000000000 
71.500000000000 
71.600000000000 
71.700000000000 
71.800000000000 
71.900000000000 
72.000000000000 
72.100000000000 
72.200000000000 
72.300000000000 
72.400000000000 
72.500000000000 
72.600000000000 
72.700000000000 
72.800000000000 
72.900000000000 
73.000000000000 
73.100000000000 
73.200000000000 
73.300000000000 
73.400000000000 
73.500000000000 
73.600000000000 
73.700000000000 
73.800000000000 
73.900000000000 
74.000000000000 
74.100000000000 
74.200000000000 
74.300000000000 
74.400000000000 
74.500000000000 
74.600000000000 
74.700000000000 
74.800000000000 
74.900000000000 
75.000000000000 
75.100000000000 
75.200000000000 
75.300000000000 
75.400000000000 
75.500000000000 
75.600000000000 
75.700000000000 
75.800000000000 
75.900000000000 
76.000000000000 
76.100000000000 
76.200000000000 
76.300000000000 
76.400000000000 
76.500000000000 
76.600000000000 
76.700000000000 
76.800000000000 
76.900000000000 
77.000000000000 
77.100000000000 
77.200000000000 
77.300000000000 
77.400000000000 
77.500000000000 
77.600000000000 
77.700000000000 
77.800000000000 
77.900000000000 
78.000000000000 
78.100000000000 
78.200000000000 
78.300000000000 
78.400000000000 
78.500000000000 
78.600000000000 
78.700000000000 
78.800000000000 
78.900000000000 
79.000000000000 
79.100000000000 
79.200000000000 
79.300000000000 
79.400000000000 
79.500000000000 
79.600000000000 
79.700000000000 
79.800000000000 
79.900000000000 
80.000000000000 
80.100000000000 
80.200000000000 
80.300000000000 
80.400000000000 
80.500000000000 
80.600000000000 
80.700000000000 
80.800000000000 
80.900000000000 
81.000000000000 
81.100000000000 
81.200000000000 
81.300000000000 
81.400000000000 
81.500000000000 
81.600000000000 
81.700000000000 
81.800000000000 
81.900000000000 
82.000000000000 
82.100000000000 
82.200000000000 
82.300000000000 
82.400000000000 
82.500000000000 
82.600000000000 
82.700000000000 
82.800000000000 
82.900000000000 
83.000000000000 
83.100000000000 
83.200000000000 
83.300000000000 
83.400000000000 
83.500000000000 
83.600000000000 
83.700000000000 
83.800000000000 
83.900000000000 
84.000000000000 
84.100000000000 
84.200000000000 
84.300000000000 
84.400000000000 
84.500000000000 
84.600000000000 
84.700000000000 
84.800000000000 
84.900000000000 
85.000000000000 
85.100000000000 
85.200000000000 
85.300000000000 
85.400000000000 
85.500000000000 
85.600000000000 
85.700000000000 
85.800000000000 
85.900000000000 
86.000000000000 
86.100000000000 
86.200000000000 
86.300000000000 
86.400000000000 
86.500000000000 
86.600000000000 
86.700000000000 
86.800000000000 
86.900000000000 
87.000000000000 
87.100000000000 
87.200000000000 
87.300000000000 
87.400000000000 
87.500000000000 
87.600000000000 
87.700000000000 
87.800000000000 
87.900000000000 
88.000000000000 
88.100000000000 
88.200000000000 
88.300000000000 
88.400000000000 
88.500000000000 
88.600000000000 
88.700000000000 
88.800000000000 
88.900000000000 
89.000000000000 
89.100000000000 
89.200000000000 
89.300000000000 
89.400000000000 
89.500000000000 
89.600000000000 
89.700000000000 
89.800000000000 
89.900000000000 
90.000000000000 
90.100000000000 
90.200000000000 
90.300000000000 
90.400000000000 
90.500000000000 
90.600000000000 
90.700000000000 
90.800000000000 
90.900000000000 
91.000000000000 
91.100000000000 
91.200000000000 
91.300000000000 
91.400000000000 
91.500000000000 
91.600000000000 
91.700000000000 
91.800000000000 
91.900000000000 
92.000000000000 
92.100000000000 
92.200000000000 
92.300000000000 
92.400000000000 
92.500000000000 
92.600000000000 
92.700000000000 
92.800000000000 
92.900000000000 
93.000000000000 
93.100000000000 
93.200000000000 
93.300000000000 
93.400000000000 
93.500000000000 
93.600000000000 
93.700000000000 
93.800000000000 
93.900000000000 
94.000000000000 
94.100000000000 
94.200000000000 
94.300000000000 
94.400000000000 
94.500000000000 
94.600000000000 
94.700000000000 
94.800000000000 
94.900000000000 
95.000000000000 
95.100000000000 
95.200000000000 
95.300000000000 
95.400000000000 
95.500000000000 
95.600000000000 
95.700000000000 
95.800000000000 
95.900000000000 
96.000000000000 
96.100000000000 
96.200000000000 
96.300000000000 
96.400000000000 
96.500000000000 
96.600000000000 
96.700000000000 
96.800000000000 
96.900000000000 
97.000000000000 
97.100000000000 
97.200000000000 
97.300000000000 
97.400000000000 
97.500000000000 
97.600000000000 
97.700000000000 
97.800000000000 
97.900000000000 
98.000000000000 
98.100000000000 
98.200000000000 
98.300000000000 
98.400000000000 
98.500000000000 
98.600000000000 
98.700000000000 
98.800000000000 
98.900000000000 
99.000000000000 
99.100000000000 
99.200000000000 
99.300000000000 
99.400000000000 
99.500000000000 
99.600000000000 
99.700000000000 
99.800000000000 
99.900000000000 
100.000000000000 
100.100000000000 
100.200000000000 
100.300000000000 
100.400000000000 
100.500000000000 
100.600000000000 
100.700000000000 
100.800000000000 
100.900000000000 
101.000000000000 
101.100000000000 
101.200000000000 
101.300000000000 
101.400000000000 
101.500000000000 
101.600000000000 
101.700000000000 
101.800000000000 
101.900000000000 
102.000000000000 
102.100000000000 
102.200000000000 
102.300000000000 
102.400000000000 
102.500000000000 
102.600000000000 
102.700000000000 
102.800000000000 
102.900000000000 
103.000000000000 
103.100000000000 
103.200000000000 
103.300000000000 
103.400000000000 
103.500000000000 
103.600000000000 
103.700000000000 
103.800000000000 
103.900000000000 
104.000000000000 
104.100000000000 
104.200000000000 
104.300000000000 
104.400000000000 
104.500000000000 
104.600000000000 
104.700000000000 
104.800000000000 
104.900000000000 
105.000000000000 
105.100000000000 
105.200000000000 
105.300000000000 
105.400000000000 
105.500000000000 
105.600000000000 
105.700000000000 
105.800000000000 
105.900000000000 
106.000000000000 
106.100000000000 
106.200000000000 
106.300000000000 
106.400000000000 
106.500000000000 
106.600000000000 
106.700000000000 
106.800000000000 
106.900000000000 
107.000000000000 
107.100000000000 
107.200000000000 
107.300000000000 
107.400000000000 
107.500000000000 
107.600000000000 
107.700000000000 
107.800000000000 
107.900000000000 
108.000000000000 
108.100000000000 
108.200000000000 
108.300000000000 
108.400000000000 
108.500000000000 
108.600000000000 
108.700000000000 
108.800000000000 
108.900000000000 
109.000000000000 
109.100000000000 
109.200000000000 
109.300000000000 
109.400000000000 
109.500000000000 
109.600000000000 
109.700000000000 
109.800000000000 
109.900000000000 
110.000000000000 
110.100000000000 
110.200000000000 
110.300000000000 
110.400000000000 
110.500000000000 
110.600000000000 
110.700000000000 
110.800000000000 
110.900000000000 
111.000000000000 
111.100000000000 
111.200000000000 
111.300000000000 
111.400000000000 
111.500000000000 
111.600000000000 
111.700000000000 
111.800000000000 
111.900000000000 
112.000000000000 
112.100000000000 
112.200000000000 
112.300000000000 
112.400000000000 
112.500000000000 
112.600000000000 
112.700000000000 
112.800000000000 
112.900000000000 
113.000000000000 
113.100000000000 
113.200000000000 
113.300000000000 
113.400000000000 
113.500000000000 
113.600000000000 
113.700000000000 
113.800000000000 
113.900000000000 
114.000000000000 
114.100000000000 
114.200000000000 
114.300000000000 
114.400000000000 
114.500000000000 
114.600000000000 
114.700000000000 
114.800000000000 
114.900000000000 
115.000000000000 
115.100000000000 
115.200000000000 
115.300000000000 
115.400000000000 
115.500000000000 
115.600000000000 
115.700000000000 
115.800000000000 
115.900000000000 
116.000000000000 
116.100000000000 
116.200000000000 
116.300000000000 
116.400000000000 
116.500000000000 
116.600000000000 
116.700000000000 
116.800000000000 
116.900000000000 
117.000000000000 
117.100000000000 
117.200000000000 
117.300000000000 
117.400000000000 
117.500000000000 
117.600000000000 
117.700000000000 
117.800000000000 
117.900000000000 
118.000000000000 
118.100000000000 
118.200000000000 
118.300000000000 
118.400000000000 
118.500000000000 
118.600000000000 
118.700000000000 
118.800000000000 
118.900000000000 
119.000000000000 
119.100000000000 
119.200000000000 
119.300000000000 
119.400000000000 
119.500000000000 
119.600000000000 
119.700000000000 
119.800000000000 
119.900000000000 
120.000000000000 
120.100000000000 
120.200000000000 
120.300000000000 
120.400000000000 
120.500000000000 
120.600000000000 
120.700000000000 
120.800000000000 
120.900000000000 
121.000000000000 
121.100000000000 
121.200000000000 
121.300000000000 
121.400000000000 
121.500000000000 
121.600000000000 
121.700000000000 
121.800000000000 
121.900000000000 
122.000000000000 
122.100000000000 
122.200000000000 
122.300000000000 
122.400000000000 
122.500000000000 
122.600000000000 
122.700000000000 
122.800000000000 
122.900000000000 
123.000000000000 
123.100000000000 
123.200000000000 
123.300000000000 
123.400000000000 
123.500000000000 
123.600000000000 
123.700000000000 
123.800000000000 
123.900000000000 
124.000000000000 
124.100000000000 
124.200000000000 
124.300000000000 
124.400000000000 
124.500000000000 
124.600000000000 
124.700000000000 
124.800000000000 
124.900000000000 
125.000000000000 
125.100000000000 
125.200000000000 
125.300000000000 
125.400000000000 
125.500000000000 
125.600000000000 
125.700000000000 
125.800000000000 
125.900000000000 
126.000000000000 
126.100000000000 
126.200000000000 
126.300000000000 
126.400000000000 
126.500000000000 
126.600000000000 
126.700000000000 
126.800000000000 
126.900000000000 
127.000000000000 
127.100000000000 
127.200000000000 
127.300000000000 
127.400000000000 
127.500000000000 
127.600000000000 
127.700000000000 
127.800000000000 
127.900000000000 
128.000000000000 
128.100000000000 
128.200000000000 
128.300000000000 
128.400000000000 
128.500000000000 
128.600000000000 
128.700000000000 
128.800000000000 
128.900000000000 
129.000000000000 
129.100000000000 
129.200000000000 
129.300000000000 
129.400000000000 
129.500000000000 
129.600000000000 
129.700000000000 
129.800000000000 
129.900000000000 
130.000000000000 
130.100000000000 
130.200000000000 
130.300000000000 
130.400000000000 
130.500000000000 
130.600000000000 
130.700000000000 
130.800000000000 
130.900000000000 
131.000000000000 
131.100000000000 
131.200000000000 
131.300000000000 
131.400000000000 
131.500000000000 
131.600000000000 
131.700000000000 
131.800000000000 
131.900000000000 
132.000000000000 
132.100000000000 
132.200000000000 
132.300000000000 
132.400000000000 
132.500000000000 
132.600000000000 
132.700000000000 
132.800000000000 
132.900000000000 
133.000000000000 
133.100000000000 
133.200000000000 
133.300000000000 
133.400000000000 
133.500000000000 
133.600000000000 
133.700000000000 
133.800000000000 
133.900000000000 
134.000000000000 
134.100000000000 
134.200000000000 
134.300000000000 
134.400000000000 
134.500000000000 
134.600000000000 
134.700000000000 
134.800000000000 
134.900000000000 
135.000000000000 
135.100000000000 
135.200000000000 
135.300000000000 
135.400000000000 
135.500000000000 
135.600000000000 
135.700000000000 
135.800000000000 
135.900000000000 
136.000000000000 
136.100000000000 
136.200000000000 
136.300000000000 
136.400000000000 
136.500000000000 
136.600000000000 
136.700000000000 
136.800000000000 
136.900000000000 
137.000000000000 
137.100000000000 
137.200000000000 
137.300000000000 
137.400000000000 
137.500000000000 
137.600000000000 
137.700000000000 
137.800000000000 
137.900000000000 
138.000000000000 
138.100000000000 
138.200000000000 
138.300000000000 
138.400000000000 
138.500000000000 
138.600000000000 
138.700000000000 
138.800000000000 
138.900000000000 
139.000000000000 
139.100000000000 
139.200000000000 
139.300000000000 
139.400000000000 
139.500000000000 
139.600000000000 
139.700000000000 
139.800000000000 
139.900000000000 
140.000000000000 
140.100000000000 
140.200000000000 
140.300000000000 
140.400000000000 
140.500000000000 
140.600000000000 
140.700000000000 
140.800000000000 
140.900000000000 
141.000000000000 
141.100000000000 
141.200000000000 
141.300000000000 
141.400000000000 
141.500000000000 
141.600000000000 
141.700000000000 
141.800000000000 
141.900000000000 
142.000000000000 
142.100000000000 
142.200000000000 
142.300000000000 
142.400000000000 
142.500000000000 
142.600000000000 
142.700000000000 
142.800000000000 
142.900000000000 
143.000000000000 
143.100000000000 
143.200000000000 
143.300000000000 
143.400000000000 
143.500000000000 
143.600000000000 
143.700000000000 
143.800000000000 
143.900000000000 
144.000000000000 
144.100000000000 
144.200000000000 
144.300000000000 
144.400000000000 
144.500000000000 
144.600000000000 
144.700000000000 
144.800000000000 
144.900000000000 
145.000000000000 
145.100000000000 
145.200000000000 
145.300000000000 
145.400000000000 
145.500000000000 
145.600000000000 
145.700000000000 
145.800000000000 
145.900000000000 
146.000000000000 
146.100000000000 
146.200000000000 
146.300000000000 
146.400000000000 
146.500000000000 
146.600000000000 
146.700000000000 
146.800000000000 
146.900000000000 
147.000000000000 
147.100000000000 
147.200000000000 
147.300000000000 
147.400000000000 
147.500000000000 
147.600000000000 
147.700000000000 
147.800000000000 
147.900000000000 
148.000000000000 
148.100000000000 
148.200000000000 
148.300000000000 
148.400000000000 
148.500000000000 
148.600000000000 
148.700000000000 
148.800000000000 
148.900000000000 
149.000000000000 
149.100000000000 
149.200000000000 
149.300000000000 
149.400000000000 
149.500000000000 
149.600000000000 
149.700000000000 
149.800000000000 
149.900000000000 
150.000000000000 
150.100000000000 
